comb_rule  rule_1
H      -1.06698E-6   -6.58327E-2    9.00901E-1   -7.15201E-1   -6.39469E-5   -7.22143E-1   -3.72305E-1   -2.21781E+0
He     -1.06698E-6   -6.58327E-2    9.00901E-1   -7.15201E-1   -6.39469E-5   -7.22143E-1   -3.72305E-1   -2.21781E+0
Li     -1.06698E-6   -6.58327E-2    9.00901E-1   -7.15201E-1   -6.39469E-5   -7.22143E-1   -3.72305E-1   -2.21781E+0
Be     -1.06698E-6   -6.58327E-2    9.00901E-1   -7.15201E-1   -6.39469E-5   -7.22143E-1   -3.72305E-1   -2.21781E+0
B      -1.06698E-6   -6.58327E-2    9.00901E-1   -7.15201E-1   -6.39469E-5   -7.22143E-1   -3.72305E-1   -2.21781E+0
C      -1.06698E-6   -6.58327E-2    9.00901E-1   -7.15201E-1   -6.39469E-5   -7.22143E-1   -3.72305E-1   -2.21781E+0
N      -1.06698E-6   -6.58327E-2    9.00901E-1   -7.15201E-1   -6.39469E-5   -7.22143E-1   -3.72305E-1   -2.21781E+0
O      -1.06698E-6   -6.58327E-2    9.00901E-1   -7.15201E-1   -6.39469E-5   -7.22143E-1   -3.72305E-1   -2.21781E+0
F      -1.06698E-6   -6.58327E-2    9.00901E-1   -7.15201E-1   -6.39469E-5   -7.22143E-1   -3.72305E-1   -2.21781E+0
Ne     -1.06698E-6   -6.58327E-2    9.00901E-1   -7.15201E-1   -6.39469E-5   -7.22143E-1   -3.72305E-1   -2.21781E+0
Na     -1.06698E-6   -6.58327E-2    9.00901E-1   -7.15201E-1   -6.39469E-5   -7.22143E-1   -3.72305E-1   -2.21781E+0
Mg     -1.06698E-6   -6.58327E-2    9.00901E-1   -7.15201E-1   -6.39469E-5   -7.22143E-1   -3.72305E-1   -2.21781E+0
Al     -1.06698E-6   -6.58327E-2    9.00901E-1   -7.15201E-1   -6.39469E-5   -7.22143E-1   -3.72305E-1   -2.21781E+0
Si     -1.06698E-6   -6.58327E-2    9.00901E-1   -7.15201E-1   -6.39469E-5   -7.22143E-1   -3.72305E-1   -2.21781E+0
P      -1.06698E-6   -6.58327E-2    9.00901E-1   -7.15201E-1   -6.39469E-5   -7.22143E-1   -3.72305E-1   -2.21781E+0
S      -1.06698E-6   -6.58327E-2    9.00901E-1   -7.15201E-1   -6.39469E-5   -7.22143E-1   -3.72305E-1   -2.21781E+0
Cl     -1.06698E-6   -6.58327E-2    9.00901E-1   -7.15201E-1   -6.39469E-5   -7.22143E-1   -3.72305E-1   -2.21781E+0
Ar     -1.06698E-6   -6.58327E-2    9.00901E-1   -7.15201E-1   -6.39469E-5   -7.22143E-1   -3.72305E-1   -2.21781E+0
