comb_rule  rule_1
H      -1.615604E-03   4.114357E-02   -2.393513E+00   2.699014E+00   -9.809807E-03   2.491544E-01   -4.814831E-01   1.164115E+00
He     -1.615604E-03   4.114357E-02   -2.393513E+00   2.699014E+00   -9.809807E-03   2.491544E-01   -4.814831E-01   1.164115E+00
Li     -1.615604E-03   4.114357E-02   -2.393513E+00   2.699014E+00   -9.809807E-03   2.491544E-01   -4.814831E-01   1.164115E+00
Be     -1.615604E-03   4.114357E-02   -2.393513E+00   2.699014E+00   -9.809807E-03   2.491544E-01   -4.814831E-01   1.164115E+00
B      -1.615604E-03   4.114357E-02   -2.393513E+00   2.699014E+00   -9.809807E-03   2.491544E-01   -4.814831E-01   1.164115E+00
C      -1.615604E-03   4.114357E-02   -2.393513E+00   2.699014E+00   -9.809807E-03   2.491544E-01   -4.814831E-01   1.164115E+00
N      -1.615604E-03   4.114357E-02   -2.393513E+00   2.699014E+00   -9.809807E-03   2.491544E-01   -4.814831E-01   1.164115E+00
O      -1.615604E-03   4.114357E-02   -2.393513E+00   2.699014E+00   -9.809807E-03   2.491544E-01   -4.814831E-01   1.164115E+00
F      -1.615604E-03   4.114357E-02   -2.393513E+00   2.699014E+00   -9.809807E-03   2.491544E-01   -4.814831E-01   1.164115E+00
Ne     -1.615604E-03   4.114357E-02   -2.393513E+00   2.699014E+00   -9.809807E-03   2.491544E-01   -4.814831E-01   1.164115E+00
Na     -1.615604E-03   4.114357E-02   -2.393513E+00   2.699014E+00   -9.809807E-03   2.491544E-01   -4.814831E-01   1.164115E+00
Mg     -1.615604E-03   4.114357E-02   -2.393513E+00   2.699014E+00   -9.809807E-03   2.491544E-01   -4.814831E-01   1.164115E+00
Al     -1.615604E-03   4.114357E-02   -2.393513E+00   2.699014E+00   -9.809807E-03   2.491544E-01   -4.814831E-01   1.164115E+00
Si     -1.615604E-03   4.114357E-02   -2.393513E+00   2.699014E+00   -9.809807E-03   2.491544E-01   -4.814831E-01   1.164115E+00
P      -1.615604E-03   4.114357E-02   -2.393513E+00   2.699014E+00   -9.809807E-03   2.491544E-01   -4.814831E-01   1.164115E+00
S      -1.615604E-03   4.114357E-02   -2.393513E+00   2.699014E+00   -9.809807E-03   2.491544E-01   -4.814831E-01   1.164115E+00
Cl     -1.615604E-03   4.114357E-02   -2.393513E+00   2.699014E+00   -9.809807E-03   2.491544E-01   -4.814831E-01   1.164115E+00
Ar     -1.615604E-03   4.114357E-02   -2.393513E+00   2.699014E+00   -9.809807E-03   2.491544E-01   -4.814831E-01   1.164115E+00