basis_type  ECP
         H       0.0484204377    7.5979920898   -1.6148539029    0.6812578838    2.5664223098    0.6812578518  
        He       0.3306129192    9.1039001695    0.0073241598   92.3923980909    1.6619970957    1.3764942865 
        Li      -0.0885025162    0.6580144264    0.0033711274    2.4530410267    1.0851313739    0.1009967429 
        Be      -1.6966706226    2.4528589310    1.5718589086    2.5253612712    2.1248114032    0.2148602142 
         B      -3.7101095341    4.9200457427    3.6063361834    4.9599308548    3.1037710956    0.3560791340 
         C      -0.1103603539    6.9000024219    0.0190286159    6.8761712083    4.0913205060    0.5486591651
         N       3.5729965015    1.0112936451   -0.1020239838   11.2757943555    1.5290274886    0.3210476630 
         O       3.8680895669    1.4561260895   -0.1003449256   17.5892334291    2.2322549225    0.4558509111 
         F       4.1153974917    2.0168889856   -0.1028901126   25.3396864192    2.9874901789    0.6252726585 
        Ne       4.3137872382    2.7068321952   -0.1102230900   33.9799884668    3.7964270345    0.8316425247 
        Na      -0.1568898970    0.4042192065    0.0034996539    1.8571932557    1.1533902290    0.0911183850 
        Mg      -1.0331073153    1.0976088818    0.7903131200    1.2170289437    2.2427941169    0.1477291172 
        Al      -7.5680049313    1.6191205825    7.2511786983    1.6461755536    3.3168259046    0.1915693880 
        Si     -18.0008839857    2.0430404355   17.5499353770    2.0629033965    4.4509477839    0.2541961565 
         P     -55.9621250982    2.5106574102   55.3552479022    2.5209564237    5.6068753460    0.3300360883 
         S      -9.7095957575    3.0744783118    8.9850918088    3.1646722795    6.7244998234    0.4104612969 
        Cl     -78.0599478565    3.8003185598   77.2106072392    3.8158586517    7.8493325311    0.5026190410 
        Ar    -297.5646565056    4.4982597548  296.5794678291    4.5037682032    8.9851739774    0.6047149443 