type FullE
         H      1      1           0.0000000000           0.0000000000           0.0000000000           0.0000000000           0.0000000000           0.0000000000 
                                   0.0000000000           0.0000000000           0.0000000000           0.0000000000           0.0000000000           0.0000000000 
                                   0.0484204377           7.5979920898          -1.6148539029           0.6812578838           2.5664223098           0.6812578518 
        He      2      2           0.0000000000           0.0000000000           0.0000000000           0.0000000000           0.0000000000           0.0000000000 
                                   0.0000000000           0.0000000000           0.0000000000           0.0000000000           0.0000000000           0.0000000000 
                                   0.3306129192           9.1039001695           0.0073241598          92.3923980909           1.6619970957           1.3764942865 
        Li      3      3          -5.5572890087           2.7451681781           0.7292091214           7.6922768679          -9.0876666540           2.7455208137 
                                  15.5395133571           2.7454866615           0.2023013127          30.4278410050           0.1739290323           0.9358959352 
                                  -0.0885025162           0.6580144264           0.0033711274           2.4530410267           1.0851313739           0.1009967429 
        Be      4      4         -10.4142975475          14.4111007770         -17.9697734621          14.0465540101          29.0909169734          14.1929500122 
                                   0.1623502948           1.7757484125           0.9168099392           5.4261890809           0.2139911692          55.9427459973 
                                  -1.6966706226           2.4528589310           1.5718589086           2.5253612712           2.1248114032           0.2148602142 
         B      5      5          -8.7629245660           5.6524892478          -3.2339254448          30.5074630932          14.4420622944           6.1186898546 
                                   4.4461481085           4.6902074167           4.1241119169          30.4643802584          -9.0154705251           5.6583770519 
                                  -3.7101095341           4.9200457427           3.6063361834           4.9599308548           3.1037710956           0.3560791340 
         C      6      6           6.1999199841           0.8742083377          -6.7906935670           0.7646054000          -6.7831042584          19.9920553855 
                                   0.6840859797           0.1952114566          13.5873587188          19.9921372766          -4.8975590348          20.0083494517 
                                  -0.1103603539           6.9000024219           0.0190286159           6.8761712083           4.0913205060           0.5486591651 
         N      7      7         -11.5164022566          49.5665796245           7.5540093879          53.8727246917           0.2657237554           5.9371805423 
                                  -0.0782477704           0.2618010693           2.2326252169          28.3342845570           3.5422914487          51.4471743509 
                                   3.5729965015           1.0112936451          -0.1020239838          11.2757943555           1.5290274886           0.3210476630 
         O      8      8           1.0962816109          26.8301832632          25.9575877545          61.5427299576         -28.0503893025          59.0754067535 
                                   3.3005678086          42.6483157881          -0.6119354270          22.3127870201           0.3078878777           8.7959450276 
                                   3.8680895669           1.4561260895          -0.1003449256          17.5892334291           2.2322549225           0.4558509111 
         F      9      9          -6.2233389346           0.4686829890           1.9507722148          50.4813630786           5.3701406927           0.4281659033 
                                  22.5644613710           2.3238128513         -28.9750933312           2.1513254187           7.3130594617           1.5926734325 
                                   4.1153974917           2.0168889856          -0.1028901126          25.3396864192           2.9874901789           0.6252726585 
        Ne     10     10         -86.7728257949           1.5835031905           1.9771016940          64.7597402580         110.8640777808           1.5045220730 
                                 -25.5055491700           1.2569866217           0.5358209316           0.3861302865           0.9013826806           4.3538553348 
                                   4.3137872382           2.7068321952          -0.1102230900          33.9799884668           3.7964270345           0.8316425247 
        Na     11     11           4.6619263236           3.3348845662          25.1554035285           1.2564542159           2.1110060045          79.5799162947 
                                 -22.0695080849           1.2564536785         -21.8841270122           0.1818547612          22.0252985684           0.1835204361 
                                  -0.1568898970           0.4042192065           0.0034996539           1.8571932557           1.1533902290           0.0911183850 
        Mg     12     12           3.2324653306           6.0017783968          -0.6030415602           6.5813143247           0.9403605212         121.9826731616 
                                   0.9075680518          92.4351014006           4.3596910285           2.6673580458           1.1629564286           1.0460235435 
                                  -1.0331073153           1.0976088818           0.7903131200           1.2170289437           2.2427941169           0.1477291172 
        Al     13     13           1.8523533790           8.3634071108          12.1576312700         129.6949516976         -12.0575593794         129.5105936087 
                                   1.4562924592           1.5502639385           4.8642477375           3.8933648165           1.7270346432         128.2812172366 
                                  -7.5680049313           1.6191205825           7.2511786983           1.6461755536           3.3168259046           0.1915693880 
        Si     14     14           5.4041498248           5.3567888025           1.6892610006           2.1003635065         -22.5132741870          15.5600368411 
                                   3.7762290703         143.1198947186          23.5705640880          15.3791440335          -1.9269291614         137.5653217046 
                                 -18.0008839857           2.0430404355          17.5499353770           2.0629033965           4.4509477839           0.2541961565 
         P     15     15          87.0536211755           0.7069595450          21.6382789854         149.0032324806         -86.6193024444           0.6995894543 
                                 -18.9407009886         149.1388334788          13.4477523298           6.1025695168          -6.5796476846           6.1026395413 
                                 -55.9621250982           2.5106574102          55.3552479022           2.5209564237           5.6068753460           0.3300360883 
         S     16     16         219.8015960669           9.2051162178           2.1847410692           3.4760875553        -394.9777295739        1215.9700438175 
                                 395.6082277146        1215.9700446149        -213.9343188314           9.2051162787           1.3174822984         141.6670256229 
                                  -9.7095957575           3.0744783118           8.9850918088           3.1646722795           6.7244998234           0.4104612969 
        Cl     17     17         111.7165723244           4.2800757455           1.6061658688         195.7788283659         -50.0256130307           4.2800753458 
                                 -59.4304931788           4.2800760195           5.8611271873          11.0800475153           0.2722368929           0.0849677985 
                                 -78.0599478565           3.8003185598          77.2106072392           3.8158586517           7.8493325311           0.5026190410 
        Ar     18     18           6.8706979158          11.1336445669        3824.5839293793           1.2630663140           0.9919602560          53.7237525933 
                                   2.5396487088         224.4101180943          -0.9316188010          85.6905307583       -3824.0546029859           1.2625983349 
                                -297.5646565056           4.4982597548         296.5794678291           4.5037682032           8.9851739774           0.6047149443 